bin2_Pz	bin2_P3	bin2_POz	bin4_Pz	bin4_P3	bin4_POz	bin6_Pz	bin6_P3	bin6_POz	bin11_Pz	bin11_P3	bin11_POz	bin12_Pz	bin12_P3	bin12_POz	bin13_Pz	bin13_P3	bin13_POz	bin14_Pz	bin14_P3	bin14_POz	      ERPset
    -8.049	    -3.781	    -6.156	    -5.458	    -2.019	    -3.522	   -10.160	    -6.087	    -7.717	    -5.143	    -2.290	    -3.318	    -5.760	    -1.759	    -3.716	    -5.663	    -3.095	    -4.185	   -10.305	    -4.431	    -8.021	Tax_Them002_N400_erp_ar
     5.550	     4.701	     8.678	     7.710	     7.372	    10.841	     3.144	     2.716	     6.998	     8.447	     7.968	    10.978	     7.002	     6.801	    10.709	     5.254	     4.200	     7.885	     5.838	     5.188	     9.451	Tax_Them003_N400_erp_ar
     6.116	     3.519	     5.040	     8.391	     6.254	     7.953	     4.746	     2.588	     4.213	     9.592	     7.624	     9.277	     7.209	     4.906	     6.651	     6.848	     4.938	     6.350	     5.384	     2.099	     3.729	Tax_Them004_N400_erp_ar
     0.019	     1.794	     0.339	     1.525	     2.660	     1.547	    -0.112	     1.381	    -0.050	     1.407	     2.292	     1.486	     1.631	     2.993	     1.602	    -0.450	     0.986	     0.316	     0.440	     2.521	     0.360	Tax_Them006_N400_erp_ar
     2.828	     2.927	     2.940	     3.705	     3.661	     3.260	    -2.812	    -2.732	    -3.113	     2.724	     2.616	     1.700	     4.738	     4.762	     4.904	     3.077	     3.003	     2.435	     2.567	     2.847	     3.472	Tax_Them007_N400_erp_ar
     0.754	     0.062	     0.379	     1.430	     1.669	     2.431	    -1.215	    -0.280	    -0.325	     1.158	     2.449	     2.922	     1.690	     0.925	     1.963	     2.459	     0.884	     1.704	    -1.044	    -0.805	    -1.019	Tax_Them008_N400_erp_ar
     1.116	     2.920	     1.612	     5.714	     5.656	     5.742	     3.217	     2.868	     3.567	     5.815	     6.217	     6.181	     5.607	     5.054	     5.271	     0.579	     2.587	     0.853	     1.653	     3.252	     2.372	Tax_Them009_N400_erp_ar
    11.515	     9.979	    14.105	    11.455	    10.627	    14.408	     7.578	     6.474	    11.378	    13.348	    12.513	    16.277	     9.782	     8.959	    12.756	    12.652	    10.978	    15.195	    10.438	     9.032	    13.071	Tax_Them010_N400_erp_ar
     7.476	     5.324	     7.302	     7.684	     4.716	     7.510	     2.972	     1.994	     4.225	     7.460	     4.369	     8.161	     7.885	     5.027	     6.927	     7.043	     4.601	     6.944	     7.836	     5.926	     7.601	Tax_Them011_N400_erp_ar
     5.193	     5.418	     6.036	     4.510	     4.170	     5.563	     0.530	     1.379	     1.257	     7.711	     6.099	     7.708	     0.526	     1.768	     2.893	     6.945	     7.597	     7.915	     3.390	     3.176	     4.103	Tax_Them012_N400_erp_ar
     2.921	     2.614	     5.909	     0.674	     0.422	     3.444	    -1.690	    -2.262	     2.087	     1.603	     1.031	     4.011	    -0.296	    -0.212	     2.853	     1.708	     0.862	     5.096	     4.134	     4.367	     6.722	Tax_Them013_N400_erp_ar
     0.561	     0.687	    -1.417	     2.825	     2.206	     0.098	     1.866	     0.267	    -1.113	     1.747	     2.937	     0.008	     4.249	     1.240	     0.218	    -0.554	     0.747	    -2.281	     1.907	     0.615	    -0.375	Tax_Them014_N400_erp_ar
     2.051	     2.393	     2.162	     3.438	     2.804	     3.434	    -1.503	    -0.747	    -0.918	     0.041	    -0.529	     0.566	     6.097	     5.412	     5.679	     1.004	     2.122	     1.364	     3.036	     2.649	     2.913	Tax_Them015_N400_erp_ar
    -0.377	     0.656	     1.297	     0.223	     0.777	     1.274	    -2.550	    -1.808	    -0.900	     0.017	     0.722	     0.874	     0.482	     0.846	     1.779	    -0.350	     1.135	     0.921	    -0.403	     0.193	     1.662	Tax_Them016_N400_erp_ar
     3.423	     5.223	     3.699	     6.687	     5.693	     6.913	     3.613	     5.565	     3.135	     7.580	     5.988	     8.524	     5.686	     5.362	     5.106	     1.749	     3.497	     1.554	     4.719	     6.558	     5.360	Tax_Them017_N400_erp_ar
     2.381	     2.391	     2.652	     0.800	     0.372	     1.025	     0.814	     0.238	     0.795	     1.128	     0.682	     1.163	     0.472	     0.062	     0.886	     1.923	     1.956	     1.707	     2.803	     2.791	     3.522	Tax_Them018_N400_erp_ar
    -2.959	    -2.117	    -1.944	    -1.187	    -1.339	    -0.774	    -5.673	    -5.640	    -4.744	    -0.943	    -1.131	    -0.663	    -1.418	    -1.536	    -0.879	    -1.799	    -0.930	    -1.286	    -4.179	    -3.366	    -2.637	Tax_Them019_N400_erp_ar
     2.372	     2.964	     1.935	     6.668	     4.954	     6.194	     3.473	     2.079	     2.735	     9.032	     6.628	     8.494	     4.149	     3.169	     3.743	     1.340	     1.502	     1.087	     3.286	     4.258	     2.685	Tax_Them020_N400_erp_ar
     0.252	     0.995	     0.976	     1.855	     2.493	     2.229	    -3.137	    -2.698	    -3.305	     0.662	     1.410	     1.292	     3.015	     3.547	     3.140	     0.111	     0.656	     1.240	     0.385	     1.316	     0.727	Tax_Them021_N400_erp_ar
    -3.952	    -2.622	    -2.707	    -3.645	    -2.352	    -1.835	    -4.642	    -3.717	    -3.130	    -3.452	    -1.905	    -1.825	    -3.839	    -2.798	    -1.846	    -4.247	    -3.140	    -3.310	    -3.710	    -2.197	    -2.212	Tax_Them022_N400_erp_ar
    -0.308	     1.498	    -1.033	     0.887	     3.009	     0.271	    -3.347	    -0.325	    -2.439	     0.205	     2.847	    -0.462	     1.579	     3.172	     1.013	    -0.239	     1.448	    -1.195	    -0.382	     1.550	    -0.862	Tax_Them023_N400_erp_ar
