bin2_Pz	bin2_CPz	bin2_Cz	bin4_Pz	bin4_CPz	bin4_Cz	bin6_Pz	bin6_CPz	bin6_Cz	bin11_Pz	bin11_CPz	bin11_Cz	bin12_Pz	bin12_CPz	bin12_Cz	bin13_Pz	bin13_CPz	bin13_Cz	bin14_Pz	bin14_CPz	bin14_Cz	      ERPset
    -8.182	    -4.325	    -6.797	    -6.777	    -3.466	    -5.375	    -8.728	    -5.001	    -7.095	    -6.189	    -3.564	    -4.868	    -7.340	    -3.372	    -5.861	    -5.467	    -3.478	    -4.499	   -10.750	    -5.127	    -8.972	Tax_Them002_N400_erp_ar
     4.801	     4.099	     7.971	     7.392	     6.994	    10.601	     2.444	     2.178	     6.319	     8.328	     7.803	    10.993	     6.492	     6.218	    10.224	     4.791	     3.976	     7.508	     4.811	     4.219	     8.422	Tax_Them003_N400_erp_ar
     6.919	     4.525	     5.790	     9.467	     7.300	     8.633	     5.875	     3.876	     4.928	    10.723	     8.795	    10.150	     8.232	     5.827	     7.140	     8.079	     6.449	     7.659	     5.821	     2.705	     4.023	Tax_Them004_N400_erp_ar
     0.133	     1.844	     0.371	     1.310	     2.481	     1.246	     0.128	     1.602	     0.180	     1.336	     2.216	     1.223	     1.286	     2.721	     1.266	    -0.286	     1.196	     0.444	     0.510	     2.427	     0.306	Tax_Them006_N400_erp_ar
     1.757	     1.840	     1.120	     2.834	     2.702	     1.495	    -3.031	    -3.065	    -4.040	     1.998	     1.760	    -0.058	     3.716	     3.696	     3.131	     1.784	     1.915	     0.727	     1.727	     1.762	     1.534	Tax_Them007_N400_erp_ar
     0.012	     0.046	     0.000	     0.656	     1.149	     1.694	    -0.970	     0.222	     0.033	     0.713	     1.960	     2.208	     0.601	     0.374	     1.203	     2.134	     0.909	     1.386	    -2.228	    -0.866	    -1.463	Tax_Them008_N400_erp_ar
     0.415	     2.439	     1.241	     5.003	     5.257	     5.038	     3.721	     3.498	     3.890	     5.678	     6.407	     6.095	     4.279	     4.026	     3.905	    -0.542	     1.844	     0.397	     1.426	     3.067	     2.133	Tax_Them009_N400_erp_ar
    10.870	     9.262	    13.665	    11.457	    10.411	    14.460	     7.617	     6.371	    11.470	    13.022	    12.084	    15.855	     9.915	     8.762	    13.084	    11.654	     9.980	    14.497	    10.108	     8.562	    12.855	Tax_Them010_N400_erp_ar
     9.490	     6.431	     9.263	     9.017	     5.294	     8.349	     5.096	     3.168	     6.215	     8.416	     4.857	     8.429	     9.627	     5.738	     8.269	    10.219	     6.427	    10.278	     8.761	     6.435	     8.249	Tax_Them011_N400_erp_ar
     5.194	     5.660	     5.731	     4.114	     3.984	     5.026	     1.356	     2.193	     1.754	     7.723	     6.101	     7.547	    -0.290	     1.401	     1.950	     6.294	     7.675	     7.283	     4.094	     3.645	     4.179	Tax_Them012_N400_erp_ar
     1.776	     1.470	     4.200	    -0.375	    -0.672	     1.858	    -1.671	    -2.279	     1.686	     0.924	     0.259	     2.844	    -1.730	    -1.643	     0.830	     0.451	    -0.102	     3.258	     3.102	     3.041	     5.142	Tax_Them013_N400_erp_ar
    -0.069	     0.754	    -1.332	     1.570	     1.494	    -1.163	     1.789	     0.830	    -0.270	     0.026	     2.015	    -1.094	     3.302	     0.910	    -1.241	    -1.684	     0.454	    -2.896	     1.547	     1.053	     0.232	Tax_Them014_N400_erp_ar
     1.725	     2.968	     2.246	     2.267	     2.561	     2.291	    -2.206	     0.059	    -1.338	    -0.512	    -0.287	    -0.041	     4.643	     4.995	     4.285	     1.520	     3.457	     2.364	     1.918	     2.507	     2.135	Tax_Them015_N400_erp_ar
    -0.482	     0.592	     1.180	     0.335	     0.845	     1.428	    -1.437	    -0.727	     0.298	    -0.064	     0.720	     0.964	     0.795	     0.988	     1.964	    -0.431	     0.885	     0.644	    -0.534	     0.290	     1.732	Tax_Them016_N400_erp_ar
     2.137	     5.148	     1.581	     5.389	     4.780	     5.117	     4.114	     6.101	     3.124	     6.462	     4.849	     6.576	     4.169	     4.701	     3.459	    -0.224	     3.069	    -1.789	     4.055	     6.837	     4.319	Tax_Them017_N400_erp_ar
     1.545	     1.287	     1.387	     0.156	    -0.307	     0.038	     0.001	    -0.834	    -0.301	     0.666	     0.194	     0.443	    -0.355	    -0.809	    -0.367	     1.072	     0.639	     0.456	     1.981	     1.884	     2.244	Tax_Them018_N400_erp_ar
    -3.609	    -3.105	    -2.986	    -2.256	    -2.641	    -2.151	    -5.866	    -5.989	    -5.265	    -1.627	    -2.053	    -1.674	    -2.853	    -3.199	    -2.604	    -2.706	    -2.089	    -2.513	    -4.560	    -4.174	    -3.484	Tax_Them019_N400_erp_ar
     1.125	     1.423	     0.462	     4.638	     3.074	     3.970	     2.366	     0.744	     1.243	     7.074	     4.877	     6.387	     2.124	     1.215	     1.477	     0.492	     0.409	    -0.048	     1.686	     2.321	     0.914	Tax_Them020_N400_erp_ar
     0.350	     0.861	     0.494	     1.505	     2.143	     1.404	    -1.781	    -1.356	    -2.445	     0.425	     1.035	     0.521	     2.586	     3.252	     2.286	     0.262	     0.462	     0.803	     0.433	     1.238	     0.202	Tax_Them021_N400_erp_ar
    -4.240	    -2.582	    -3.190	    -4.195	    -2.568	    -2.548	    -4.792	    -3.423	    -3.405	    -3.850	    -1.983	    -2.314	    -4.539	    -3.153	    -2.781	    -4.263	    -2.833	    -3.436	    -4.222	    -2.370	    -2.982	Tax_Them022_N400_erp_ar
    -1.039	     1.437	    -1.793	    -0.221	     2.378	    -0.745	    -2.384	     0.795	    -1.673	    -0.587	     2.495	    -1.029	     0.149	     2.259	    -0.457	    -1.145	     1.209	    -2.129	    -0.927	     1.678	    -1.437	Tax_Them023_N400_erp_ar
